Game: 350
Max Score: 483
mavg_score: [147.92, 134.4, 137.72, 150.14, 157.32, 127.56, 136.52]
var_score: [3866.0335999999998, 1406.2800000000002, 2721.4416, 3092.9604, 5062.297600000001, 1517.8464, 3199.8095999999996]
mavg_ammo_left: [6.68, 10.18, 8.88, 10.82, 7.52, 9.82, 9.54]
mavg_kill_counts: [1.3, 1.18, 0.98, 1.52, 1.5, 0.78, 1.06]
