Game: 2200
Max Score: 399
mavg_score: [80.719999999999999, 77.939999999999998, 81.159999999999997, 88.760000000000005, 95.840000000000003, 99.280000000000001, 101.44, 107.06, 124.73999999999999, 136.40000000000001, 134.53999999999999, 142.58000000000001, 145.5, 147.03999999999999, 151.0, 161.28, 149.41999999999999, 145.03999999999999, 143.16, 156.5, 183.91999999999999, 169.94, 195.81999999999999, 194.09999999999999, 208.24000000000001, 209.40000000000001, 196.38, 205.63999999999999, 219.86000000000001, 200.30000000000001, 200.08000000000001, 189.13999999999999, 197.24000000000001, 191.69999999999999, 220.63999999999999, 255.12, 253.97999999999999, 263.81999999999999, 255.59999999999999, 259.45999999999998, 247.81999999999999, 255.68000000000001, 249.94, 270.63999999999999]
var_score: [323.0016, 256.33639999999997, 325.61439999999999, 483.10239999999999, 443.17440000000005, 458.32160000000005, 789.28639999999996, 961.45640000000003, 845.75240000000019, 2092.3200000000002, 1443.0883999999999, 2100.4036000000001, 1769.53, 4230.7583999999997, 3398.4000000000001, 2749.6415999999999, 2564.5636, 2011.9184000000002, 2116.7343999999998, 3100.25, 2805.9135999999999, 3552.8164000000002, 2755.7476000000006, 3016.8899999999999, 2321.0223999999998, 2331.9200000000001, 2727.0756000000001, 2784.6704000000004, 3306.0403999999999, 3248.5700000000002, 4123.7536, 4898.2004000000006, 5521.2224000000015, 4956.6900000000005, 4105.9503999999997, 2488.8656000000001, 2811.7396000000003, 3334.0275999999999, 5066.8400000000001, 4459.0083999999997, 3942.1876000000002, 4397.3775999999998, 4821.2164000000002, 2902.9904000000006]
mavg_ammo_left: [11.52, 11.859999999999999, 11.4, 11.16, 10.32, 9.3800000000000008, 7.7000000000000002, 8.5199999999999996, 7.6799999999999997, 6.96, 9.4600000000000009, 9.3800000000000008, 8.7400000000000002, 9.8800000000000008, 8.4000000000000004, 7.6600000000000001, 9.5999999999999996, 9.4600000000000009, 10.32, 7.7999999999999998, 6.2000000000000002, 5.7400000000000002, 5.2000000000000002, 5.6399999999999997, 3.1200000000000001, 3.6200000000000001, 4.54, 3.6600000000000001, 4.1399999999999997, 5.8200000000000003, 6.4400000000000004, 6.4800000000000004, 7.2199999999999998, 6.4000000000000004, 4.8200000000000003, 2.2400000000000002, 2.8999999999999999, 2.6400000000000001, 3.9399999999999999, 3.02, 3.8399999999999999, 3.3799999999999999, 3.6000000000000001, 1.9399999999999999]
mavg_kill_counts: [1.2, 1.0800000000000001, 1.3999999999999999, 2.02, 2.6400000000000001, 2.98, 3.2400000000000002, 3.8399999999999999, 5.6600000000000001, 6.7599999999999998, 6.7999999999999998, 7.7800000000000002, 7.9199999999999999, 8.0, 8.8200000000000003, 9.6400000000000006, 9.2200000000000006, 8.9399999999999995, 8.3800000000000008, 9.5800000000000001, 11.300000000000001, 10.9, 11.9, 11.539999999999999, 12.94, 13.140000000000001, 12.42, 13.359999999999999, 14.199999999999999, 12.98, 13.52, 12.720000000000001, 13.220000000000001, 13.039999999999999, 15.039999999999999, 17.18, 17.079999999999998, 18.359999999999999, 17.539999999999999, 18.199999999999999, 17.84, 18.66, 18.120000000000001, 19.039999999999999]
