Game: 1750
Max Score: 564
mavg_score: [148.02000000000001, 148.5, 146.63999999999999, 158.03999999999999, 163.68000000000001, 163.58000000000001, 174.02000000000001, 184.78, 181.66, 184.02000000000001, 185.31999999999999, 179.62, 166.34, 202.12, 180.58000000000001, 190.86000000000001, 179.22, 182.63999999999999, 188.47999999999999, 202.5, 205.31999999999999, 158.72, 221.06, 189.59999999999999, 186.24000000000001, 215.94, 202.90000000000001, 215.41999999999999, 161.09999999999999, 166.46000000000001, 199.36000000000001, 210.44, 187.02000000000001, 185.0, 205.41999999999999]
var_score: [2259.8596000000002, 2918.0900000000001, 4635.2303999999995, 3219.4783999999995, 4105.8976000000002, 3933.0835999999999, 6069.3795999999993, 6706.2115999999987, 5835.0643999999993, 9513.499600000001, 7526.217599999999, 3916.9956000000002, 3906.9443999999994, 5715.8255999999992, 7057.8035999999984, 6600.4004000000004, 7676.5716000000002, 4895.4304000000002, 4982.249600000001, 11562.690000000001, 6537.0975999999991, 4090.8815999999993, 8878.8564000000006, 4983.2399999999998, 7859.0223999999998, 7246.4164000000001, 6876.8900000000003, 9666.4835999999996, 2371.6900000000001, 3477.5283999999997, 8541.7504000000008, 12335.406400000002, 8167.5796000000009, 6601.3199999999997, 8602.123599999999]
mavg_ammo_left: [8.9000000000000004, 12.279999999999999, 9.6199999999999992, 8.1600000000000001, 12.18, 12.199999999999999, 14.42, 11.02, 9.7200000000000006, 9.1600000000000001, 11.220000000000001, 10.74, 10.1, 10.699999999999999, 9.9800000000000004, 12.720000000000001, 13.42, 11.460000000000001, 12.5, 11.32, 9.8200000000000003, 9.9199999999999999, 9.9800000000000004, 9.1999999999999993, 15.0, 10.220000000000001, 10.199999999999999, 9.4399999999999995, 12.76, 12.279999999999999, 11.94, 13.539999999999999, 10.9, 13.460000000000001, 10.619999999999999]
mavg_kill_counts: [1.4399999999999999, 1.0800000000000001, 1.1799999999999999, 1.54, 1.78, 1.46, 1.46, 2.02, 1.9199999999999999, 1.9199999999999999, 2.1400000000000001, 2.3199999999999998, 1.7, 2.0800000000000001, 2.5, 2.1400000000000001, 1.9399999999999999, 2.3799999999999999, 2.3399999999999999, 2.3399999999999999, 2.5800000000000001, 1.1599999999999999, 3.2000000000000002, 2.2400000000000002, 2.3199999999999998, 3.3199999999999998, 2.7400000000000002, 3.02, 1.22, 1.76, 2.3799999999999999, 2.8199999999999998, 2.5800000000000001, 1.9199999999999999, 3.04]
