Game: 750
Max Score: 509
mavg_score: [147.92, 134.4, 137.72, 150.14, 157.32, 127.56, 136.52, 144.68, 141.6, 146.22, 163.4, 158.6, 157.48, 155.1, 164.12]
var_score: [3866.0335999999998, 1406.2800000000002, 2721.4416, 3092.9604, 5062.297600000001, 1517.8464, 3199.8095999999996, 5062.537600000001, 4122.839999999999, 3058.7315999999996, 5619.3200000000015, 5392.72, 6539.7696, 5091.7300000000005, 6085.865599999999]
mavg_ammo_left: [6.68, 10.18, 8.88, 10.82, 7.52, 9.82, 9.54, 8.42, 8.16, 7.5, 11.1, 10.56, 8.42, 9.92, 9.78]
mavg_kill_counts: [1.3, 1.18, 0.98, 1.52, 1.5, 0.78, 1.06, 1.1, 1.08, 1.2, 1.42, 1.5, 1.4, 1.2, 1.44]
