Game: 250
Max Score: 731
mavg_score: [203.5, 201.16, 191.38, 153.03999999999999, 160.44]
var_score: [15872.049999999999, 9819.0944, 9334.6355999999996, 3125.358400000001, 5227.2464]
mavg_ammo_left: [11.859999999999999, 12.56, 8.7400000000000002, 9.1999999999999993, 10.24]
mavg_kill_counts: [2.6800000000000002, 2.3399999999999999, 2.5600000000000001, 1.28, 1.7]
