Game: 150
Max Score: 415
mavg_score: [128.02, 137.82, 139.86]
var_score: [1177.7795999999998, 2652.2675999999997, 1537.0004]
mavg_ammo_left: [8.88, 6.82, 8.36]
mavg_kill_counts: [0.94, 1.18, 1.02]
