Game: 4950
Max Score: 714
mavg_score: [150.6, 136.22, 149.5, 133.44, 146.56, 135.48, 122.94, 145.0, 134.9, 145.68, 132.58, 149.94, 159.8, 154.28, 142.6, 155.06, 153.14, 159.74, 139.64, 173.94, 148.48, 139.42, 151.18, 153.12, 175.62, 169.62, 160.72, 155.4, 151.22, 181.66, 133.48, 143.96, 138.16, 151.68, 194.46, 177.96, 153.98, 155.22, 174.28, 159.34, 171.64, 165.82, 160.66, 177.06, 185.54, 179.36, 167.78, 178.68, 171.3, 166.1, 156.82, 174.64, 182.32, 199.22, 180.44, 160.26, 163.2, 177.98, 185.78, 186.18, 198.04, 175.92, 178.74, 171.32, 190.88, 187.66, 189.66, 192.06, 180.24, 191.82, 208.76, 155.52, 189.02, 173.9, 172.64, 189.76, 221.06, 180.4, 211.52, 210.78, 222.58, 250.2, 280.92, 245.88, 267.98, 251.78, 262.2, 291.3, 306.5, 258.9, 251.1, 246.04, 303.5, 238.04, 290.46, 232.82, 273.02, 258.56, 265.06]
var_score: [3142.76, 2064.7316000000005, 2563.73, 2808.7663999999995, 5642.4464, 4435.649600000001, 1474.3364, 3381.96, 2742.7700000000004, 3345.8176000000008, 2269.9636, 3947.4163999999996, 9073.999999999998, 4072.8816, 4927.32, 6012.536399999999, 2957.7603999999997, 4000.9524000000006, 2821.3903999999998, 8246.136400000001, 6307.209599999999, 2802.7236, 3819.027600000001, 4118.2256, 7630.235599999999, 6469.3956, 6578.361599999999, 6161.2, 6130.571600000001, 9712.984400000001, 2115.7296, 2065.2384, 3880.0544, 5199.8576, 14176.5684, 5176.1584, 5637.699600000001, 4776.691599999999, 6877.0816, 6900.7844000000005, 6589.6704, 6407.187599999999, 3925.1444, 7865.7364, 7983.968400000002, 7314.710399999999, 7923.4516, 6773.177600000001, 7318.93, 5278.01, 3715.8676, 8774.5504, 6330.577599999999, 7924.931599999999, 6803.766400000001, 4405.5124, 7559.76, 7987.499599999999, 11035.571600000001, 10978.0676, 12630.558400000004, 8059.9536, 9612.952400000002, 6306.5376, 8781.2256, 7533.264400000002, 8811.5844, 9109.296400000001, 10578.902399999999, 7290.827599999999, 10786.7024, 5204.569600000001, 10126.259600000001, 6828.25, 5941.270399999999, 8660.5424, 12967.8564, 8780.039999999999, 10674.8496, 11881.891599999999, 14199.043599999999, 14326.679999999998, 12683.313600000001, 10735.825599999998, 13789.739599999999, 13390.531599999998, 14280.76, 10998.93, 12511.85, 17983.01, 11224.130000000003, 11681.758400000002, 19434.57, 9888.8384, 19712.6884, 10165.6676, 11337.3796, 13850.766399999999, 13444.976400000001]
mavg_ammo_left: [7.72, 8.32, 10.1, 7.24, 7.12, 6.58, 8.9, 8.22, 8.5, 9.46, 6.86, 6.2, 10.54, 11.42, 9.22, 7.56, 9.44, 8.22, 9.74, 7.34, 10.9, 9.78, 10.24, 6.94, 12.1, 9.1, 11.0, 12.68, 8.38, 7.62, 10.98, 8.12, 9.0, 10.36, 8.02, 9.44, 9.86, 10.28, 7.0, 11.16, 9.0, 7.76, 8.94, 8.0, 8.84, 10.52, 8.16, 10.58, 12.58, 13.46, 8.28, 13.5, 8.44, 8.5, 6.72, 10.38, 10.22, 9.36, 8.86, 10.92, 11.2, 10.46, 9.9, 7.42, 8.26, 9.06, 12.64, 7.64, 9.36, 9.62, 8.42, 8.02, 9.22, 9.82, 11.4, 8.56, 11.1, 8.3, 8.84, 10.8, 11.74, 11.3, 12.64, 11.84, 11.08, 13.72, 13.44, 14.7, 14.46, 12.12, 12.4, 13.72, 13.48, 9.48, 11.22, 11.02, 11.48, 13.68, 14.18]
mavg_kill_counts: [1.4, 1.32, 1.28, 1.02, 1.08, 1.06, 0.9, 1.12, 0.98, 1.24, 0.98, 1.18, 1.7, 1.5, 1.36, 1.32, 1.14, 1.34, 1.1, 1.88, 1.5, 1.14, 1.38, 1.42, 1.64, 1.8, 1.66, 1.42, 1.24, 2.06, 1.1, 1.54, 1.2, 1.24, 2.54, 1.66, 1.8, 1.4, 2.04, 1.24, 1.56, 1.98, 1.58, 2.24, 1.88, 2.1, 1.86, 1.7, 2.08, 1.58, 1.6, 2.52, 2.1, 2.24, 1.68, 1.64, 1.44, 1.54, 2.34, 2.24, 2.42, 1.98, 1.9, 1.74, 2.12, 2.16, 2.02, 2.76, 2.34, 2.22, 3.04, 1.56, 1.92, 1.46, 1.8, 1.96, 2.34, 2.0, 2.56, 2.14, 2.72, 4.08, 3.92, 2.92, 3.82, 3.66, 4.0, 4.4, 4.06, 3.74, 3.06, 3.12, 4.6, 3.0, 4.74, 2.76, 3.74, 3.26, 3.98]
