Game: 150
Max Score: 450
mavg_score: [219.88, 218.53999999999999, 216.91999999999999]
var_score: [6440.9455999999991, 7013.5684000000001, 5703.0335999999998]
mavg_ammo_left: [10.48, 12.24, 8.9399999999999995]
mavg_kill_counts: [2.7200000000000002, 2.54, 2.7000000000000002]
